7831676903833920384
5851079568872391703
3948139129798098797
809966499662663145
3604818076403801729
6048579403070785213
1078499313195755215
804615682321676663
3289743782076979998
9111438139352091738
2937377737668366369
7312919334231495357
4526508884857126783
2314668398961081825
5353887091782181074
4999290867745097024
9027723006155169543
566740121856380828
1925707116625630052
575304370140330911
6157941977373975901
4173854946701798931
8198697731557046718
6713460042236888026
7927404114107486352
913712505228652896
8841626571322254746
6076665179138515165
2482076983889329474
3616759126226597256
890940351268140493
878327656900812539
801893039029010326
2910268486895507595
5901882507510640613
9087486838327343268
4497694929942257636
6664430420432321738
4802751046559353254
3504944458307461358
2726529341842084127
5709757387403804704
9192161362038965209
7801928074951928282
8129334302499406289
5220547223348313430
4863878623537263569
1185829492355845020
6733410763722536849
7625080054251985275
9150325808964572432
8775714428613580649
7870442723057020964
5697241100624524116
6672860737433735620
6326383401545541511
4829664465045713807
165179535126013178
4453462139552111745
2589678437138682297
8379846686955033058
7769281938961289322
9073955020433751368
2540016532947109571
1548311576801133219
1244185174692894667
8268725597572942075
2634015245604383563
8161111442131047575
5437050185221998620
6458909914818688974
4038137926289869897
3756674234567005563
8912763245971346144
8379207362486692822
1299830944154041988
46972861927997639
4072617850567584829
7605187951060734738
1495294966809626527
797914492104870830
853909932284530474
3523248973259824767
506373620205211408
5384687061329585388
2557966520234158726
8264651507642007872
6890012022854691301
8539579957765117085
5659729312248782801
7235321476706219585
4166179589433641110
4172799127662611774
1806955011846546273
2485691820411561098
2835436837209680959
1182248790774276587
5598406393235857940
2899313721101222184
3353659708044253318
5838231158305853230
6472357478317532997
5940665768917921070
4777523478750401395
1316924829892961539
761098834822158875
4111231766264695721
8400259747759658558
1759623129762737908
872871833340719758
7903970996575009349
1176331625238257749
6728424332555367824
421763087467597723
5218148155888871350
4983907541365711562
2128896372966573509
3314284011471117598
8792528594348087662
2734901430633511911
5737764136872651350
3257290242594179468
8972905835502252059
1509023841329929548
7078682000905190354
4793327026368787700
2624160699930896337
8836689224084888733
1046554702979072496
5490466122493726262
2929879478657487204
6160956279209444881
3085921839095144571
8046898272719008187
1286917487740150159
8872196512965184229
5261865919745013186
8011616189700534722
4926639502341634793
2651187921975531971
4373261445220430584
7608672313470306742
3995788387463743569
9159139177081181726
4231395996022453145
4697773458841363298
4826879178115275381
3265788466300784133
4945972796183429690
692623375075529942
581229125150542419
7105244467100611547
2483154881753896192
3190427499954977113
8368762460044214249
7146903221617291086
5563167694846646805
8487477154294637218
2265657934584579500
1480461057199815075
2653625326714351153
4030165358616998697
6301093430629176374
5012852856559170995
1843944342372041555
7689089064934664696
1704731166937441153
8263691084876514107
661145943764283514
1466946921293793235
2169374952986910636
2540047905114403645
4972361692680293718
1109672854532723346
5412450267845313361
5131454037913388634
604711150772529228
6987799735004139617
643839152594929183
8156005973339288468
6462944894891687952
1254344695476887103
7641521693020155765
834311839693605936
1423510131415192088
4023665844481487517
577721680723557671
165656043693715901
1372211047216128898
1039605439157080643
3826099360735289706
2974330750014614395
6477634922510746008
2846343889182531290
687960462707655637
4397445088573694771
6874377186630704799
5472216064262553016
7026988996249474957
460352287606504270
4002444433166939009
389408216888976978
7496756504674529647
6064577993905896830
640339277098141787
8193242036189119180
2013847388398309178
7764641405241135091
2225431444367430565
5782615817208726431
5259387420011825924
5875305056354120832
3243798838097734753
5659544590822423072
805286075107820035
1642216997084914532
4359855839252970328
3152148092438343987
8678465728874947999
62480194871716656
1486640386739622222
3966613261857542843
1176875297557374293
2150797509310803860
7694875321642156364
6409891525700972491
2069940183886329516
4253067515451600706
169629783515155539
5130674788582995391
2578464505882615345
2500767748876014947
1643963607587963808
8179052542009051703
993933946091783601
8461258318835564751
5759695165572629287
5295889273605774486
7440775874790546984
7972088659841703048
6099932780377079011
6349769313050265357
2072151396876748005
8139354200217560222
8535165777250512336
9083608150730453671
8031085919284575988
7038414878194929922
7415995779735701471
9181046360734546350
5526072903321991796
7854191382176038246
8852313351742630997
8455893116590296756
5749911830969275674
4401211759512325946
8611625315614354597
8431073616991080942
5719111970208817906
7811883571247523756
5929629319199630914
6490158261113667196
7802329820182871716
4739814763047033078
6304831320096696874
8664312298183549191
2374740120547913009
7103816868905960100
324283209346187711
7102018193410901648
3239899407752555736
3720996869410531788
5039875625371244090
3430478878680502510
1867116083681786000
6171545527314850829
2096048730910607006
2617352153296330774
3019794779273819182
4422451036329840745
5929862850443143990
7387181980395405795
2419256449903044878
4680612245163370724
6320083601548240050
5817258287259707201
5043851203838841650
3785893203549684245
5490830655113225746
6592578395812965020
3526882209223954138
5222128426012802996
4192326744414524819
9137264122491568545
4189871038677312795
7223320610540801517
3704930538384421891
6454205030566216912
2533348680813746914
3830035959816967493
8830931914025414328
866569795299139935
6255420232794492490
3586365669444833060
620587362776121289
8930338602561984573
2610205669039384898
650780449056156395
8616889746116584170
1704836678155286270
4216310703055596828
624324291744744865
7532543034823009851
8595688702287459297
3734744510966535297
2311746314740269408
775351976820555179
3926740489072259161
1418273137910042822
1564277493482423237
5505202992184365297
